  1,112.395,25.400,1,0.600
  2,114.935,21.590,1,0.600
  3,114.935,12.700,1,0.600
  4,114.935,10.160,1,0.600
  5,119.380,81.280,1,0.600
  6,122.555,83.820,1,0.600
  7,68.580,66.040,1,0.600
  8,69.850,67.310,1,0.600
  9,71.120,66.040,1,0.600
 10,64.770,38.100,1,0.600
 11,66.040,39.370,1,0.600
 12,67.310,38.100,1,0.600
 13,68.072,75.184,1,0.600
 14,69.342,73.914,1,0.600
 15,70.612,75.184,1,0.600
 16,40.640,60.706,2,0.800
 17,50.800,60.706,2,0.800
 18,46.990,78.740,2,0.800
 19,59.690,78.740,2,0.800
 20,101.600,26.670,2,0.800
 21,101.600,24.130,2,0.800
 22,101.600,21.590,2,0.800
 23,109.220,24.130,2,0.800
 24,109.220,21.590,2,0.800
 25,109.220,19.050,2,0.800
 26,61.595,44.831,2,0.800
 27,71.755,44.831,2,0.800
 28,101.600,19.050,2,0.800
 29,109.220,26.670,2,0.800
 30,46.990,87.630,2,0.800
 31,10.287,10.414,2,0.800
 32,20.447,10.414,2,0.800
 33,36.830,87.630,2,0.800
 34,62.611,75.057,2,0.800
 35,62.611,64.897,2,0.800
 36,10.287,13.970,2,0.800
 37,20.447,13.970,2,0.800
 38,61.595,55.245,2,0.800
 39,69.215,55.245,2,0.800
 40,22.860,13.970,2,0.800
 41,30.480,13.970,2,0.800
 42,57.150,33.655,2,0.800
 43,67.310,33.655,2,0.800
 44,36.830,83.820,2,0.800
 45,41.830,83.820,2,0.800
 46,40.640,57.150,2,0.800
 47,50.800,57.150,2,0.800
 48,121.285,64.770,2,0.800
 49,121.285,59.770,2,0.800
 50,22.860,10.795,2,0.800
 51,30.480,10.795,2,0.800
 52,10.160,17.780,2,0.800
 53,20.320,17.780,2,0.800
 54,10.160,24.765,2,0.800
 55,20.320,24.765,2,0.800
 56,130.175,85.090,2,0.800
 57,130.175,82.550,2,0.800
 58,130.175,80.010,2,0.800
 59,78.740,77.470,2,0.800
 60,78.740,67.310,2,0.800
 61,22.860,17.653,2,0.800
 62,137.795,80.010,2,0.800
 63,130.175,77.470,2,0.800
 64,130.175,74.930,2,0.800
 65,130.175,72.390,2,0.800
 66,130.175,69.850,2,0.800
 67,130.175,67.310,2,0.800
 68,130.175,64.770,2,0.800
 69,130.175,62.230,2,0.800
 70,130.175,59.690,2,0.800
 71,130.175,57.150,2,0.800
 72,130.175,54.610,2,0.800
 73,130.175,52.070,2,0.800
 74,137.795,85.090,2,0.800
 75,130.429,17.780,2,0.800
 76,137.795,82.550,2,0.800
 77,137.795,77.470,2,0.800
 78,138.049,20.320,2,0.800
 79,30.480,17.653,2,0.800
 80,130.429,27.940,2,0.800
 81,130.429,25.400,2,0.800
 82,130.429,22.860,2,0.800
 83,130.429,20.320,2,0.800
 84,130.429,15.240,2,0.800
 85,130.429,12.700,2,0.800
 86,130.429,10.160,2,0.800
 87,130.429,7.620,2,0.800
 88,138.049,27.940,2,0.800
 89,138.049,25.400,2,0.800
 90,138.049,22.860,2,0.800
 91,138.049,17.780,2,0.800
 92,22.860,27.305,2,0.800
 93,137.795,74.930,2,0.800
 94,137.795,72.390,2,0.800
 95,138.049,12.700,2,0.800
 96,62.865,24.130,2,0.800
 97,62.865,13.970,2,0.800
 98,137.795,69.850,2,0.800
 99,138.049,10.160,2,0.800
100,137.795,67.310,2,0.800
101,30.480,27.305,2,0.800
102,137.795,64.770,2,0.800
103,137.795,62.230,2,0.800
104,137.795,54.610,2,0.800
105,138.049,7.620,2,0.800
106,137.795,59.690,2,0.800
107,138.049,15.240,2,0.800
108,137.795,57.150,2,0.800
109,137.795,52.070,2,0.800
110,119.380,23.495,2,0.800
111,119.380,18.495,2,0.800
112,74.930,77.470,2,0.800
113,74.930,67.310,2,0.800
114,62.230,81.280,2,0.800
115,72.390,81.280,2,0.800
116,10.287,77.470,2,0.800
117,10.287,64.770,2,0.800
118,70.485,33.655,2,0.800
119,80.645,33.655,2,0.800
120,38.100,24.130,2,0.800
121,38.100,16.510,2,0.800
122,40.640,24.130,2,0.800
123,65.532,86.106,2,0.800
124,40.640,16.510,2,0.800
125,43.180,24.130,2,0.800
126,43.180,16.510,2,0.800
127,45.720,24.130,2,0.800
128,45.720,16.510,2,0.800
129,48.260,24.130,2,0.800
130,48.260,16.510,2,0.800
131,50.800,24.130,2,0.800
132,50.800,16.510,2,0.800
133,53.340,24.130,2,0.800
134,53.340,16.510,2,0.800
135,40.640,78.740,2,0.800
136,33.020,73.660,2,0.800
137,33.020,71.120,2,0.800
138,40.640,76.200,2,0.800
139,22.860,20.574,2,0.800
140,33.020,78.740,2,0.800
141,33.020,76.200,2,0.800
142,40.640,73.660,2,0.800
143,40.640,71.120,2,0.800
144,61.595,58.420,2,0.800
145,71.755,58.420,2,0.800
146,30.480,20.574,2,0.800
147,10.160,21.336,2,0.800
148,20.320,21.336,2,0.800
149,101.600,15.240,2,0.800
150,101.600,12.700,2,0.800
151,101.600,10.160,2,0.800
152,101.600,7.620,2,0.800
153,109.220,15.240,2,0.800
154,109.220,12.700,2,0.800
155,10.160,28.067,2,0.800
156,20.320,28.067,2,0.800
157,109.220,10.160,2,0.800
158,71.755,52.070,2,0.800
159,70.532,86.106,2,0.800
160,22.860,24.003,2,0.800
161,30.480,24.003,2,0.800
162,61.595,52.070,2,0.800
163,109.220,7.620,2,0.800
164,56.642,73.660,2,0.800
165,56.642,53.660,2,0.800
166,57.785,24.130,2,0.800
167,57.785,13.970,2,0.800
168,71.755,48.260,2,0.800
169,52.070,86.360,2,0.800
170,57.070,86.360,2,0.800
171,61.595,48.260,2,0.800
172,76.200,48.260,3,0.900
173,78.740,48.260,3,0.900
174,76.200,58.420,3,0.900
175,78.740,58.420,3,0.900
176,76.200,38.735,3,0.900
177,78.740,38.735,3,0.900
178,97.790,85.090,4,1.000
179,97.790,82.550,4,1.000
180,97.790,80.010,4,1.000
181,97.790,77.470,4,1.000
182,97.790,74.930,4,1.000
183,97.790,72.390,4,1.000
184,97.790,69.850,4,1.000
185,97.790,67.310,4,1.000
186,97.790,64.770,4,1.000
187,97.790,62.230,4,1.000
188,97.790,59.690,4,1.000
189,97.790,57.150,4,1.000
190,97.790,54.610,4,1.000
191,97.790,52.070,4,1.000
192,97.790,49.530,4,1.000
193,97.790,46.990,4,1.000
194,97.790,44.450,4,1.000
195,97.790,41.910,4,1.000
196,97.790,39.370,4,1.000
197,97.790,36.830,4,1.000
198,113.030,85.090,4,1.000
199,113.030,82.550,4,1.000
200,113.030,80.010,4,1.000
201,113.030,77.470,4,1.000
202,113.030,74.930,4,1.000
203,113.030,72.390,4,1.000
204,113.030,69.850,4,1.000
205,113.030,67.310,4,1.000
206,113.030,64.770,4,1.000
207,113.030,62.230,4,1.000
208,113.030,59.690,4,1.000
209,113.030,57.150,4,1.000
210,113.030,54.610,4,1.000
211,113.030,52.070,4,1.000
212,113.030,49.530,4,1.000
213,113.030,46.990,4,1.000
214,113.030,44.450,4,1.000
215,113.030,41.910,4,1.000
216,113.030,39.370,4,1.000
217,113.030,36.830,4,1.000
218,2.290,25.385,4,1.000
219,2.290,22.615,4,1.000
220,2.290,19.845,4,1.000
221,2.290,17.075,4,1.000
222,5.130,26.770,4,1.000
223,5.130,24.000,4,1.000
224,5.130,21.230,4,1.000
225,5.130,18.460,4,1.000
226,5.130,15.690,4,1.000
227,19.050,64.770,5,1.100
228,21.590,64.770,5,1.100
229,24.130,64.770,5,1.100
230,8.020,57.023,6,1.200
231,33.020,57.023,6,1.200
232,7.112,45.720,6,1.200
233,32.112,45.720,6,1.200
234,40.005,47.625,7,1.270
235,50.165,50.165,7,1.270
236,50.165,45.085,7,1.270
237,48.260,73.660,8,1.300
238,48.260,68.660,8,1.300
239,1.230,73.590,8,1.300
240,1.230,68.590,8,1.300
241,91.440,39.370,9,2.000
242,119.380,87.630,9,2.000
243,3.710,33.730,10,3.200
244,3.710,8.730,10,3.200
245,21.590,81.430,11,3.500
246,81.280,91.440,12,4.300
247,152.400,0.000,12,4.300
248,152.400,91.440,12,4.300
249,81.280,0.000,12,4.300
250,0.000,91.440,12,4.300
251,0.000,0.000,12,4.300
